

33395520
1293016
33174014


33263260
1293016
33173362


33197597
1293016
33172560


33177566
1293016
33171842


33168660
1293016
33171544


33395520
1293016
33174014


33395520
594304
33173225


33395520
246517
33172162


33395520
8897
33171450


33395520
6161
33171373


33395520
1293016
33194086


33395520
1293016
33174014


33395520
1293016
33173125


33395520
1293016
33171337


33395520
1293016
33170450


33395520
1293016
33174014


33275656
1293016
33174092


33238263
1293016
33173336


33213078
1293016
33173108


33203751
1293016
33173097


33395520
1293016
33174014


33395520
946471
33174133


33395520
856347
33173945


33395520
774945
33174024


33395520
718412
33174127


33395520
1293016
33174014


33395520
1293016
33171064


33395520
1293016
33169965


33395520
1293016
33169928


33395520
1293016
33169928


33395520
1293016
33174014


16798161
823379
16592478


8530867
556085
8303226


4451969
415187
4159012


2950004
320158
2090145
