

678022
25530
27945


490013
25530
27546


358989
25530
25841


190309
25530
23735


33482
25530
23469


678022
25530
27945


678022
16807
27504


678022
12764
25564


678022
7277
24240


678022
7207
24233


678022
25530
33342


678022
25530
27945


678022
25530
23213


678022
25530
22084


678022
25530
22084


678022
25530
27945


456584
25530
27389


433709
25530
26991


431632
25530
26977


431706
25530
26978


678022
25530
27945


678022
10194
25535


678022
5658
23992


678022
5008
23706


678022
4902
23668


678022
25530
27945


678022
25530
23857


678022
25530
22092


678022
25530
22084


678022
25530
22084


678022
25530
27945


554661
16474
15011


574821
13152
8462


780628
10118
5053


1028887
8844
3605
