

1740292
2403
888506


1534849
2403
885879


1373866
2403
882349


1217915
2403
875019


963161
2403
850984


1740292
2403
888506


1740292
2192
888392


1740292
2121
888347


1740292
2105
888345


1740292
2090
888335


1740292
2403
954980


1740292
2403
888506


1740292
2403
824191


1740292
2403
738867


1740292
2403
615999


1740292
2403
888506


1556779
2403
887003


1458081
2403
886374


1406983
2403
886055


1377595
2403
885877


1740292
2403
888506


1740292
2246
888454


1740292
2190
888455


1740292
2103
888440


1740292
2078
888437


1740292
2403
888506


1740292
2403
859923


1740292
2403
856879


1740292
2403
855220


1740292
2403
855055


1740292
2403
888506


1493627
1397
541870


1464665
847
374018


1556400
556
306975


1749400
376
299699
