

0.028078
0.000018
0.509846


0.024764
0.000018
0.576274


0.022166
0.000018
0.641117


0.019650
0.000018
0.717042


0.015540
0.000018
0.881334


0.028078
0.000018
0.509846


0.028078
0.000016
0.509842


0.028078
0.000016
0.509837


0.028078
0.000016
0.509841


0.028078
0.000015
0.509839


0.028078
0.000018
0.547990


0.028078
0.000018
0.509846


0.028078
0.000018
0.472940


0.028078
0.000018
0.423980


0.028078
0.000018
0.353475


0.028078
0.000018
0.509846


0.025117
0.000018
0.568890


0.023525
0.000018
0.606904


0.022701
0.000018
0.628682


0.022226
0.000018
0.641941


0.028078
0.000018
0.509846


0.028078
0.000017
0.509862


0.028078
0.000016
0.509879


0.028078
0.000016
0.509896


0.028078
0.000015
0.509901


0.028078
0.000018
0.509846


0.028078
0.000018
0.493444


0.028078
0.000018
0.491698


0.028078
0.000018
0.490746


0.028078
0.000018
0.490651


0.028078
0.000018
0.509846


0.024099
0.000010
0.362449


0.023631
0.000006
0.255213


0.025111
0.000004
0.197164


0.028225
0.000003
0.171278
