

0.154736
0.000010
0.994145


0.154285
0.000010
0.997051


0.154060
0.000010
0.998509


0.153947
0.000010
0.999241


0.153890
0.000010
0.999607


0.154736
0.000010
0.994145


0.154736
0.000010
0.994158


0.154736
0.000009
0.994168


0.154736
0.000009
0.994170


0.154736
0.000009
0.994170


0.154736
0.000010
0.994145


0.154736
0.000010
0.994145


0.154736
0.000010
0.994145


0.154736
0.000010
0.994145


0.154736
0.000010
0.994145


0.154736
0.000010
0.994145


0.153834
0.000010
0.999972


0.153834
0.000010
0.999972


0.153834
0.000010
0.999972


0.153834
0.000010
0.999972


0.154736
0.000010
0.994145


0.154736
0.000010
0.994158


0.154736
0.000009
0.994167


0.154736
0.000009
0.994168


0.154736
0.000009
0.994170


0.154736
0.000010
0.994145


0.154736
0.000010
0.994145


0.154736
0.000010
0.994145


0.154736
0.000010
0.994145


0.154736
0.000010
0.994145


0.154736
0.000010
0.994145


0.079022
0.000006
0.973347


0.040714
0.000004
0.944600


0.023888
0.000003
0.805013


0.019081
0.000002
0.504014
