

0.013225
0.000183
0.039720


0.009558
0.000183
0.053431


0.007002
0.000183
0.067203


0.003712
0.000183
0.109966


0.000653
0.000183
0.397699


0.013225
0.000183
0.039720


0.013225
0.000121
0.039584


0.013225
0.000092
0.037007


0.013225
0.000052
0.035371


0.013225
0.000052
0.035365


0.013225
0.000183
0.047391


0.013225
0.000183
0.039720


0.013225
0.000183
0.032994


0.013225
0.000183
0.031389


0.013225
0.000183
0.031389


0.013225
0.000183
0.039720


0.008906
0.000183
0.056810


0.008460
0.000183
0.058773


0.008419
0.000183
0.059010


0.008421
0.000183
0.059002


0.013225
0.000183
0.039720


0.013225
0.000073
0.037103


0.013225
0.000041
0.035092


0.013225
0.000036
0.034707


0.013225
0.000035
0.034657


0.013225
0.000183
0.039720


0.013225
0.000183
0.033909


0.013225
0.000183
0.031401


0.013225
0.000183
0.031389


0.013225
0.000183
0.031389


0.013225
0.000183
0.039720


0.010884
0.000118
0.026283


0.011279
0.000095
0.014392


0.015318
0.000073
0.006390


0.020190
0.000064
0.003474
