

0.392214
0.009292
0.956339


0.390661
0.009292
0.959981


0.389889
0.009292
0.961785


0.389654
0.009292
0.962323


0.389550
0.009292
0.962563


0.392214
0.009292
0.956339


0.392214
0.004271
0.975975


0.392214
0.001772
0.986033


0.392214
0.000064
0.993026


0.392214
0.000044
0.993105


0.392214
0.009292
0.956918


0.392214
0.009292
0.956339


0.392214
0.009292
0.956314


0.392214
0.009292
0.956262


0.392214
0.009292
0.956237


0.392214
0.009292
0.956339


0.390806
0.009292
0.959658


0.390367
0.009292
0.960675


0.390071
0.009292
0.961370


0.389962
0.009292
0.961629


0.392214
0.009292
0.956339


0.392214
0.006802
0.965993


0.392214
0.006154
0.968530


0.392214
0.005569
0.970839


0.392214
0.005163
0.972451


0.392214
0.009292
0.956339


0.392214
0.009292
0.956254


0.392214
0.009292
0.956223


0.392214
0.009292
0.956222


0.392214
0.009292
0.956222


0.392214
0.009292
0.956339


0.197287
0.005917
0.941602


0.100191
0.003996
0.913753


0.052287
0.002984
0.854506


0.034647
0.002301
0.639156
