

6170436
1519
6135819


6152448
1519
6135819


6143460
1519
6135819


6138958
1519
6135819


6136714
1519
6135819


6170436
1519
6135819


6170436
1438
6135819


6170436
1375
6135819


6170436
1367
6135819


6170436
1366
6135819


6170436
1519
6135819


6170436
1519
6135819


6170436
1519
6135819


6170436
1519
6135819


6170436
1519
6135819


6170436
1519
6135819


6134470
1519
6135819


6134470
1519
6135819


6134470
1519
6135819


6134470
1519
6135819


6170436
1519
6135819


6170436
1436
6135819


6170436
1386
6135819


6170436
1379
6135819


6170436
1362
6135819


6170436
1519
6135819


6170436
1519
6135819


6170436
1519
6135819


6170436
1519
6135819


6170436
1519
6135819


6170436
1519
6135819


3151169
916
3068071


1623564
587
1534173


952604
404
767184


760902
303
383658
