

689429
1245881
309452


477928
1245881
310286


343045
1245881
311356


324427
1245881
311595


313788
1245881
310814


689429
1245881
309452


689429
747664
309273


689429
57880
309007


689429
1433
308970


689429
1431
308970


689429
1245881
315607


689429
1245881
309452


689429
1245881
304016


689429
1245881
299383


689429
1245881
296715


689429
1245881
309452


357876
1245881
309261


349633
1245881
309143


348664
1245881
309049


348213
1245881
309017


689429
1245881
309452


689429
715044
309157


689429
36661
308994


689429
1450
308971


689429
1437
308970


689429
1245881
309452


689429
1245881
302941


689429
1245881
302014


689429
1245881
301836


689429
1245881
301815


689429
1245881
309452


801604
801334
167438


861574
739400
96734


858113
592109
55536


1103216
554309
35531
