

0.019734
0.009090
0.159898


0.013680
0.009090
0.180000


0.009819
0.009090
0.195954


0.009286
0.009090
0.198429


0.008982
0.009090
0.199282


0.019734
0.009090
0.159898


0.019734
0.005455
0.215207


0.019734
0.000422
0.413493


0.019734
0.000010
0.447224


0.019734
0.000010
0.447225


0.019734
0.009090
0.163078


0.019734
0.009090
0.159898


0.019734
0.009090
0.157089


0.019734
0.009090
0.154695


0.019734
0.009090
0.153317


0.019734
0.009090
0.159898


0.010244
0.009090
0.192835


0.010008
0.009090
0.193758


0.009980
0.009090
0.193816


0.009967
0.009090
0.193851


0.019734
0.009090
0.159898


0.019734
0.005217
0.220123


0.019734
0.000267
0.425559


0.019734
0.000011
0.447214


0.019734
0.000010
0.447221


0.019734
0.009090
0.159898


0.019734
0.009090
0.156534


0.019734
0.009090
0.156055


0.019734
0.009090
0.155963


0.019734
0.009090
0.155952


0.019734
0.009090
0.159898


0.022969
0.005846
0.104457


0.024702
0.005395
0.060422


0.024606
0.004320
0.038295


0.031636
0.004044
0.021436
